173152115 71 32  7  1 15 50 99151193220230221196164134111 9910312315017121 1 1TA13 1230999999999999999999999 550  01916 9999999999999999
179169141101 56 21  2  3 24 66119169207227230213184150121102 9510512915721 1 2TA 0 0179133723199999999999999 628  01956 9599999999999999
175178164133 91 48 17  3 10 37 83137185217232227204171136108 91 8910413121 1 3TA 040179141523299999999999999 712  32038 8899999999999999
159175176160128 87 48 21 11 22 52100152195223231220193157122 95 80 8210021 1 4TA 133178145623199999999999999 8 0 112125 7999999999999999
129157173174159129 92 57 33 26 38 69114161199221225210180143107 81 69 7321 1 5TA 234176154122699999999999999 853 262216 6899999999999999
 93123151170174163138106 75 54 47 57 84123164196213213196165128 93 68 5621 1 6TA 347174163021699999999999999 955 472312 5699999999999999
 61 82113144167177172155128101 80 71 76 96127160187201199182152115 80 5421 1 7TA 51117717232029999999999999911 9 70999999999999999999999
 43 48 69102138167184187177155129106 92 90101124152176188186169139101 6521 1 8TA 644188182218999999999999999 012 421239 8999999999999999
 39 28 33 56 93135171195205200180153127108 98102120145167178176159127 8821 1 9TA 8 9206192117999999999999999 112 271413 9899999999999999
 51 24 13 20 47 8913717820822321919917014011610110111714116217316915011521 110TA 919224201617399999999999999 2 9 131530 9999999999999999
 74 36 10  0 11 43 9114318822023523120917614411710110111814316317116414121 111TA101723621 417199999999999999 3 0  01630 9999999999999999
103 59 22 -2 -7  9 46 9915319822824123320717314011410010312414916717216121 112TA11 8241214717299999999999999 347 -81719 9999999999999999
132 90 45 10 -8 -8 13 56112165206232240226197163132109 9910813215817317321 113TA1152240222917599999999999999 431-1118 2 9999999999999999
156123 78 34  4-10 -4 24 72127177213232233214182148121102 9911414216617721 114TA1232236231217799999999999999 513-101841 9899999999999999
172151113 67 27  2 -6  6 40 91145189218231223198164132108 95 9912014917121 115TA13 9231235817999999999999999 555 -61918 9499999999999999
179170144104 60 24  5  3 21 60112163200222226210179144115 94 87 9812515421 116TA1342227999999999999999999999 636  11955 8799999999999999
173178166137 97 56 26 12 16 41 84135179210223218194160125 97 81 81 9812721 117TA 047178141322499999999999999 718 112032 7899999999999999
155172175161131 93 58 33 25 35 64108154192214219205176140106 81 70 76 9821 118TA 139176144522099999999999999 759 252111 7099999999999999
127154169170155128 95 65 47 43 57 88129168197211208188156120 89 69 63 7321 119TA 234171151921299999999999999 843 432152 6299999999999999
 97125150164165153130103 80 66 66 81109143173194200191168136103 76 59 5721 120TA 335166155520099999999999999 931 642238 5699999999999999
 70 94121145160164156139118100 89 88100121147169183184173150120 90 66 5321 121TA 4491641639185999999999999991032 872330 5199999999999999
 53 66 89116141159168165154138122110106111124142158168168157136108 80 5821 122TA 6161681733170999999999999991157106999999999999999999999
 45 46 60 84113141164178181173158140124114112119132145156157147126 99 7121 123TA 742181183915899999999999999 027 44134011199999999999999
 49 36 38 53 80113147175193198190173151128112106110123138150152142120 9121 124TA 851198194215399999999999999 124 3515 510699999999999999
 61 37 25 29 48 80120159190208212201179151124105 9810412013815115314011421 125TA 943212203615499999999999999 217 2416 1 9899999999999999
 81 48 23 14 22 48 87132173204220219202174142114 96 9310512514615815513721 126TA1026222212015999999999999999 3 3 141643 9299999999999999
105 66 32 10  5 20 54100148189216226218194162129104 91 9411313815816615621 127TA11 3226215816699999999999999 345  51718 9099999999999999
130 91 50 17  0  2 25 66117166202223225209179146116 95 9010212715417017121 128TA1138227223317399999999999999 424 -21750 8999999999999999
154120 75 33  5 -6  4 35 84138183213226219195161128103 89 9211314316817921 129TA121122623 918099999999999999 5 2 -61822 8899999999999999
173148107 59 20 -3 -6 12 52106159198221225208177141112 91 85 9612515718021 130TA1242226234818599999999999999 541 -71854 8499999999999999
185172140 94 47 12 -4 -1 25 72129178211225219194157121 95 79 8010113516821 131TA1313226999999999999999999999 621 -51929 7799999999999999
186187169133 85 41 12  1 11 44 96151195220225209176136101 77 67 7510314121 2 1TA 033189134522699999999999999 7 3  120 5 6799999999999999
173189187166129 83 44 20 14 29 66118169205222218194155114 81 60 55 7110321 2 2TA 124191141922399999999999999 748 142045 5599999999999999
142173189186166130 90 56 37 34 52 89136178206214203174134 95 63 46 46 6521 2 3TA 222190145621499999999999999 838 332130 4399999999999999
100138169186185169139106 78 61 60 76107145178197199184154116 79 50 36 3821 2 4TA 330188153720099999999999999 935 582222 3499999999999999
 59 92130161181186177156129105 90 86 96117144168181180165138103 69 43 2921 2 5TA 4511861627182999999999999991047 862322 2899999999999999
 31 50 81118152177190190177156134117107107117135152162163151128 97 65 3921 2 6TA 6281921731164999999999999991229105999999999999999999999
 24 23 39 68106145176197205199181159136118109110122137149152144125 97 6421 2 7TA 8 2205185015299999999999999 032 22142110899999999999999
 36 18 15 28 57 98142180207219216199172144119104101111128144150145127 9821 2 8TA 91822020 515099999999999999 143 14154210099999999999999
 63 32 12  7 20 51 96145186215229225204173140113 96 9410813014815515013021 2 9TA101723021 615599999999999999 248  61636 9399999999999999
 97 58 25  5  2 17 53103153194222233223197162129103 89 9311414015816415521 210TA11 4233215516499999999999999 343  11717 8899999999999999
130 91 50 18  1  1 22 64117165202224228211179144114 93 86 9912715417017121 211TA1142229223717399999999999999 431 -11751 8699999999999999
157125 81 40 12  1  7 36 83136179209223217191156124 99 84 8711114316818021 212TA1214224231518099999999999999 512  01821 8399999999999999
176154115 69 32 10  5 19 57108157193215218200167132103 84 78 9312415717921 213TA1240219235418699999999999999 549  41849 7899999999999999
186175146103 59 28 13 15 39 83135178206216207179142108 83 70 7510013616821 214TA13 4217999999999999999999999 624 111916 7099999999999999
186187170136 92 54 29 20 31 64112160195213212191155117 85 65 61 7610814521 215TA 035189132721599999999999999 659 201946 6099999999999999
174188185163126 86 54 36 34 53 92138179205212200170130 93 66 52 56 8011621 216TA 119189135321299999999999999 735 332017 5199999999999999
151176186179155121 87 61 49 55 79117158189204201180145106 73 51 45 57 8621 217TA 2 5186142020599999999999999 813 492051 4499999999999999
122154176182173151121 94 75 68 78103136167187193182156121 86 58 43 43 6121 218TA 256182145019399999999999999 855 682127 4199999999999999
 91125154172178170152129108 94 90 99119144164175173159133102 72 50 41 4621 219TA 355178152317699999999999999 947 902210 4099999999999999
 65 93124150168176172160142126114109113125140152157153140117 91 66 49 4121 220TA 51017616 71579999999999999911 210923 5 4199999999999999
 47 65 91120146166178180173160144130120117121128135140139129111 88 66 4921 221TA 6401811722140999999999999991256117999999999999999999999
 41 44 60 85114143169186192188176158138121111109114122131135129113 92 6821 222TA 8 3192185613599999999999999 014 40144510999999999999999
 47 35 36 51 77110146177198206201185162135113 99 97105119134141137120 9521 223TA 9 720620 914299999999999999 126 341544 9699999999999999
 66 40 25 25 42 72112154188210217208185155124100 88 9010612814715414812621 224TA 95621721 315499999999999999 228 231622 8799999999999999
 94 57 28 13 16 37 74122167201220222205175140109 88 81 9211714516416815621 225TA1036223214616999999999999999 322 121654 8199999999999999
127 85 44 15  4 11 39 85138182212225218192156121 95 79 8210413716618117921 226TA1111225222518299999999999999 4 8  31724 7899999999999999
159120 72 31  6 -1 14 51105157197219223206171133102 81 74 8812015718419321 227TA114222423 219399999999999999 451 -11753 7499999999999999
184155108 59 22  3  3 26 72128177209222215186146109 83 69 72 9713717519721 228TA1210222234220299999999999999 531  01822 6899999999999999
201185148 97 51 20  7 14 46 98153194216219199162119 85 64 58 7110715118721 3 1TA1238220999999999999999999999 612  61853 5799999999999999
205204182140 91 50 25 18 32 71124173206218209179135 93 63 47 48 7211416021 3 2TA 02720713 621899999999999999 653 181927 4599999999999999
193208204179138 93 58 38 36 55 96146186209211192155110 70 43 32 41 7211821 3 3TA 118209133621299999999999999 738 3420 5 3299999999999999
162194208203178141103 74 57 59 80118158189202196170131 89 53 30 24 38 7221 3 4TA 214209141120299999999999999 827 562048 2399999999999999
117159189204201181151120 95 82 83101130160180186175149113 75 44 25 22 3821 3 5TA 320205145018699999999999999 925 802139 2199999999999999
 70111150181198200189167142120106104113131150163165154133103 71 44 28 2521 3 6TA 43920115401659999999999999910431032241 2499999999999999
 38 65101138170192202199185165144127116115122133142145140126104 77 53 3521 3 7TA 61620216571459999999999999912381152359 2999999999999999
 29 36 57 88124160188206210202184161137118108107114125134136129113 89 6421 3 8TA 7512111844137999999999999991435106999999999999999999999
 42 30 31 47 76115155189211221215194166136111 95 9210211913514314012610121 3 9TA 9 7221201714399999999999999 126 291543 9199999999999999
 71 45 28 25 39 70112156193217227218192158125 98 82 8410112614615615513821 310TA10 2227212315799999999999999 242 251625 8099999999999999
107 71 42 24 21 37 73119164199221226209177141109 84 74 8611314216317216621 311TA1044227221017299999999999999 343 201659 7499999999999999
142104 65 37 21 21 44 86135176206221216190153119 91 73 75 9813216218018421 312TA1116222224618499999999999999 429 181727 7199999999999999
170137 94 57 32 21 29 61109155190211215197163126 95 74 68 8311615318019321 313TA1141216231819499999999999999 5 7 211751 6799999999999999
189165125 82 49 30 27 46 87136176202212202172133 99 74 62 68 9613617219421 314TA12 2212235120099999999999999 540 261813 6299999999999999
200187154111 72 45 33 41 71117162194209206182143104 74 57 55 7511215418621 315TA1220210999999999999999999999 610 331836 5499999999999999
202201179141100 66 47 43 61 99145183204208191156114 78 54 45 55 8612816821 316TA 026204124020999999999999999 642 4219 1 4599999999999999
195205196168130 93 67 54 59 85126166195206197169128 87 56 39 39 61 9914321 317TA 1 320513 420699999999999999 715 531928 3799999999999999
178200203189159124 93 72 66 79109147179196196177142101 65 40 31 42 7211321 318TA 143204132919899999999999999 751 661958 3199999999999999
154185200199182153123 98 83 83 99128158179187177152116 79 49 32 32 51 8421 319TA 226202135718799999999999999 831 812030 3099999999999999
125161186198194177153128108 98100115137158169169155129 96 65 42 33 39 6121 320TA 315198142717199999999999999 920 9721 8 3299999999999999
 94130162184194191178159138122113113122136148153149135114 87 62 45 39 4621 321TA 41819415 51539999999999999910291122157 3999999999999999
 67 97129157179191193184169151135123117119125132136134126110 89 69 53 4621 322TA 53919316191369999999999999912151172310 4699999999999999
 50 66 91121150175192199194181163143125112108110117126131130119101 80 6121 323TA 7 419918191329999999999999914 5108999999999999999999999
 48 47 58 81111144175198208206191169142117100 94 98111128141144135116 9021 324TA 817209194514499999999999999 038 4615 6 9499999999999999
 63 44 37 46 69104145182207218214194164131103 86 82 9411714215916315312721 325TA 913218204716499999999999999 155 371545 8299999999999999
 92 58 34 26 36 64106153192216224214185148113 87 74 7810113416418118216521 326TA 956224213418499999999999999 259 261618 7399999999999999
131 87 49 26 19 33 68118167203223223202165125 92 71 66 8211715718720019621 327TA1032225221620199999999999999 351 191648 6699999999999999
170126 78 42 21 19 40 84138184212223213181137 98 72 59 64 9313818020621421 328TA11 2223225621499999999999999 437 171716 5899999999999999
202167118 71 39 24 28 58108160198217216193151107 73 53 49 6710815819721921 329TA1129219233822399999999999999 519 231744 4899999999999999
222202161111 70 44 34 45 82134179207215202167120 78 49 37 42 7212217220921 330TA1155215999999999999999999999 6 1 341815 3699999999999999
226224199156110 75 54 49 68108155192209206182140 92 53 30 24 40 7913218021 331TA 024228122221099999999999999 645 491850 2499999999999999
214229223196156116 86 69 68 90129169195203191160115 70 36 18 18 41 8413621 4 1TA 115230125520399999999999999 731 661930 1599999999999999
183214228221196161127100 86 88109141171189190172139 96 56 27 13 18 45 8821 4 2TA 211228133319199999999999999 824 842015 1399999999999999
137180210223219199171141117103104119142163174171153123 87 53 29 18 25 5021 4 3TA 316224141717599999999999999 92710121 7 1899999999999999
 89132172201217218204182156133118114120134148155152139117 89 61 40 31 3521 4 4TA 43221915161559999999999999910511132211 3199999999999999
 55 86124160191210217210193170146126115113119128136139134120100 78 58 4621 4 5TA 55921716531399999999999999912431122335 4399999999999999
 45 56 80112148181206218216202179152126108 99101111125136139133119 98 7521 4 6TA 7242191853139999999999999991419 98999999999999999999999
 57 50 54 72102140176204220221206180147117 94 83 8710412514315315213911421 4 7TA 834222202515499999999999999 110 491515 8399999999999999
 86 63 50 50 66 98139177206222221202169133102 79 71 8210813716017217115321 4 8TA 928224212617499999999999999 231 481555 7199999999999999
122 89 63 47 47 67104147184210221213186149113 83 65 67 9012415718019118421 4 9TA10 722122 919199999999999999 332 451627 6399999999999999
157120 85 59 45 50 77119161194213215196161122 89 66 58 7310714717919920321 410TA1037217224420499999999999999 418 441653 5899999999999999
187152112 78 56 48 62 97141178203212201170130 94 67 54 59 8813117019921221 411TA11 0212231521399999999999999 454 481715 5399999999999999
207180140101 72 56 57 82123164193207203179139 99 69 50 49 6910915419021221 412TA1118208234521899999999999999 527 541736 4799999999999999
217201167127 93 70 62 74107149183202204186150108 72 48 40 52 8613117420521 413TA1137206999999999999999999999 557 621757 4099999999999999
219215190154117 89 73 73 96133170195203193162120 80 50 35 38 6310515219021 414TA 017220115720399999999999999 628 701821 3499999999999999
214221208178143111 88 79 89117153183198195173135 92 57 34 29 44 7912617021 415TA 050221122119999999999999999 7 1 791847 2899999999999999
202219218198168135108 91 89106135166186192179149109 69 40 26 31 56 9714421 416TA 126221124819299999999999999 737 881916 2599999999999999
183210220213190161132109 98101120146169181178158126 88 54 32 26 39 7111421 417TA 2 4220131818299999999999999 818 971949 2699999999999999
157192213218208186159133114105111127148164169161139108 75 48 32 33 51 8421 418TA 249218135416999999999999999 9 71052028 3099999999999999
124164194211215205185160137120112116127142152154146127101 74 51 40 43 6121 419TA 34421514411559999999999999910121122119 3999999999999999
 91127162190208213205188166144126115114120130139143139126106 83 63 52 5221 420TA 45421316 01439999999999999911391132230 5099999999999999
 65 90122155184205214210195173149126111105108118130140143137121100 78 6121 421TA 61221417511439999999999999913 8104999999999999999999999
 55 62 82112146180205217216201176147119100 91 95109130148158156142118 9021 422TA 723218192015999999999999999 0 0 551412 9199999999999999
 66 53 55 72102142180209223220202171136104 84 77 8611014116718017916213221 423TA 822224202618299999999999999 123 521457 7799999999999999
 95 65 48 48 65100145187215226219194155115 84 67 66 8512116019020320017721 424TA 9 9226211920499999999999999 233 461534 6499999999999999
138 95 63 45 45 67108157196219224209173128 89 63 52 61 9414018321222321421 425TA 94622522 522399999999999999 331 4316 6 5299999999999999
183137 94 63 47 51 79125172205220215188144 97 63 44 42 6410916120422923621 426TA1017221224923699999999999999 421 461636 4099999999999999
220182134 94 67 56 65 99146187210215198160111 67 40 29 38 7212517921924021 427TA1044215233424499999999999999 5 7 5617 7 2999999999999999
242219178134 98 76 69 84122165197210204176131 81 43 22 19 38 8213919122821 428TA1111210999999999999999999999 552 691740 1899999999999999
245242217176137106 87 84104141177200204188153105 59 26 11 15 43 9214919821 429TA 022247114320499999999999999 639 831819 1099999999999999
231246240214178143115 98 99119152180195193172133 87 46 18  8 17 5010015421 430TA 114247122219699999999999999 729 9619 4  899999999999999
200231244238214182149123108109127154176185179156120 79 43 19 12 25 5810521 5 1TA 21024513 718599999999999999 8251061952 1299999999999999
155198227240235215185155129114114128148164171165145114 80 49 29 24 37 6721 5 2TA 31224014 217199999999999999 9311122047 2499999999999999
109154193221234232215188159134117113121135149156154140117 90 64 47 41 5121 5 3TA 42023515151579999999999999910491132153 4199999999999999
 75110149185213228228214190161135115106109120134145149143128107 85 67 5921 5 4TA 53123016551499999999999999912151062313 5899999999999999
 62 79107142177206222225213190160131108 95 95106123141152154146129107 8621 5 5TA 6402261842155999999999999991331 93999999999999999999999
 72 70 80104137172201219222210185152120 95 81 81 9712114616417216715012421 5 6TA 74422320 817299999999999999 043 691428 7999999999999999
 99 80 73 79101135171200217218203173137104 78 67 73 9712916018219218616421 5 7TA 83722021 919299999999999999 2 5 731511 6699999999999999
134104 83 73 79105141177203215212189153115 83 62 57 7410814718020321019821 5 8TA 918216215421099999999999999 3 8 731545 5699999999999999
169134103 81 73 85115153186206212199167127 90 62 49 56 8512716920122022021 5 9TA 949212223122399999999999999 357 731613 4999999999999999
200166129 99 80 78 97132169195208202178139 98 66 46 44 6410415119121923121 510TA101420823 523199999999999999 437 771637 4299999999999999
222193156122 96 83 89116152183201203185150108 71 46 37 48 8112817420923021 511TA1036204233623499999999999999 512 8217 0 3799999999999999
233214181146115 95 90106137170193201191162121 80 49 34 36 6110315219322221 512TA1058201999999999999999999999 545 891723 3299999999999999
235227202169136111 97101124155182197194173135 93 57 35 29 44 8012717320921 513TA 0 8235112219899999999999999 617 961748 2999999999999999
230233217189157129108102114140168188193181151110 70 41 27 32 5810114919121 514TA 040234114919499999999999999 6511021816 2799999999999999
220233228207178148123108109126151175187184164129 89 54 32 26 41 7512116721 515TA 113233121918899999999999999 7281061847 2699999999999999
204227233222198169141119109115133157175181172147112 75 45 29 31 53 9113721 516TA 150233125518199999999999999 8 91091924 2799999999999999
181214231232217192163136117111118136157171173160135102 68 43 33 40 6510421 517TA 232234133817499999999999999 85811120 7 3299999999999999
148189218232230214188159134116111118134152163164153130101 71 49 41 50 7421 518TA 323233143516599999999999999 95611121 0 4199999999999999
111153191218230229213187158132114107113127144157160153135109 83 62 53 5921 519TA 42223115511609999999999999911 410722 8 5399999999999999
 79112151187214228228212187157129108 99103117136154163162149127100 77 6421 520TA 5272301724164999999999999991213 992328 6399999999999999
 65 80109145182211227227212184151120 96 86 90107133158175179170149120 9221 521TA 6302291849180999999999999991314 86999999999999999999999
 73 68 78104140179210226225208176138103 79 70 7810213717019320119417013621 522TA 72822820 220199999999999999 050 6814 4 7099999999999999
103 79 70 77102140181211224220198160117 81 60 54 6910414818821422421418621 523TA 81722521 222499999999999999 2 6 701447 5499999999999999
147110 84 73 80107147187212221210179135 90 57 40 43 6811316520723324122821 524TA 857221215424299999999999999 311 731524 3999999999999999
195152116 90 79 88118160194213213194154105 62 35 25 37 7312818222324825221 525TA 932215224325399999999999999 4 6 7916 0 2599999999999999
234197155121 98 89102135173200210202173127 77 39 18 17 38 8414219623525621 526TA10 3210233125999999999999999 457 891636 1599999999999999
256234196157126106101117150183202204188151102 55 23  9 14 44 9515420524021 527TA1037206999999999999999999999 5461001715  899999999999999
258255230194159131113111130161187200196173133 85 42 15  6 18 5310616321021 528TA 021259111520199999999999999 6351101758  699999999999999
243257251227193160133117118137164187195187161121 76 38 15 10 26 6311516921 529TA 11225812 119599999999999999 7271151846 1099999999999999
213243255247223190158132118120138162181187178153116 76 42 22 20 38 7512421 530TA 2 6255125418799999999999999 8221171938 1999999999999999
174215241251242218186154128115118134156173179171149117 82 52 36 35 52 8721 531TA 3 1251135717999999999999999 9211142033 3399999999999999
132177214238245235211179148123110111126146163171167150124 94 68 54 53 6821 6 1TA 35524515101719999999999999910231092134 5199999999999999
 98138178211233238227203171140115102103116136154166167156136111 89 74 7121 6 2TA 45023816361689999999999999911261012243 7199999999999999
 83108141177207226230218194163131106 92 92105126149166173168153132110 9421 6 3TA 54523018 7173999999999999991229 91999999999999999999999
 87 94113142174202218221209184152119 94 80 81 9612215017218518517315212821 6 4TA 640222193218799999999999999 0 1 871327 7999999999999999
109 98100115141172198212213199172137104 79 67 71 9212415818620220419216821 6 5TA 733215204020599999999999999 123 971415 6799999999999999
141117103102116142173196208206187155118 85 63 55 67 9613517320322022120421 6 6TA 819209213222399999999999999 2361011455 5599999999999999
176145119104103119148177197205196170133 95 65 48 49 7010815219322223623021 6 7TA 858205221423699999999999999 3331011529 4699999999999999
208176143117103107128157184199199181148108 72 47 38 50 8212717321223724321 6 8TA 931201225124499999999999999 4191021558 3899999999999999
231203169137114105115140169190198189162124 84 52 35 37 6010114919322724421 6 9TA10 0198232524699999999999999 4581051626 3399999999999999
243223192159130112111127154180194193174140 99 62 38 31 43 7712317121023621 610TA1027196235724599999999999999 5341091654 3099999999999999
245235210179148124113120141167187194184156117 77 46 30 33 56 9714619022321 611TA1055194999999999999999999999 6 81131723 2999999999999999
241241224196166139120117130154177191190171138 97 60 36 29 41 7311916620621 612TA 030243112619299999999999999 6431161754 2999999999999999
232242234212183154130118121139163183191183158121 81 49 31 31 52 9013818521 613TA 1 324212 119199999999999999 7191171829 2999999999999999
220239242228201171143123116124145169185188175146109 71 43 31 38 6410715621 614TA 138243124118999999999999999 75911619 9 3099999999999999
200230244241221192160133116113125148171185185169139102 67 43 35 47 7712121 615TA 217245132918799999999999999 8431121954 3599999999999999
170211237246238215183150124110109124147170183182166138103 71 49 45 58 8921 616TA 3 1246142618499999999999999 9311082047 4499999999999999
133178216239245233207174141115102103119144167181183170144112 83 63 58 7021 617TA 35024515351849999999999999910241012148 5899999999999999
 99139182216236240226199164131105 92 94111137164182188180159130101 81 7321 618TA 4422401655188999999999999991121 912259 7399999999999999
 82106141180212230232218189153118 92 79 8210113116318719919618015312410021 619TA 5372331819200999999999999991218 78999999999999999999999
 89 92110140176206223224208177139102 75 63 68 9112716619721521720317614521 620TA 633225193921899999999999999 018 881313 6299999999999999
118101 99111139173201216215196163121 82 56 46 55 8412817421023223722419521 621TA 725217204723899999999999999 141 9814 3 4699999999999999
161131111104114140173199211206183145100 61 37 31 46 8313418522424825323821 622TA 813211214625499999999999999 2561041449 3199999999999999
207171139117109119146177199206196168124 78 42 22 21 43 8814419623625926221 623TA 855206223926399999999999999 3591091532 1999999999999999
244211175144122115127155183201202186152105 59 27 13 18 47 9715520624326321 624TA 935204233026699999999999999 4531151615 1299999999999999
263243209174145125121136164189202198176137 90 47 19 10 21 5510816521424721 625TA1015202999999999999999999999 5431201659 1099999999999999
264260236203169143126126144171193202193168127 80 41 17 13 29 6712017522021 626TA 01926511 020299999999999999 6311231745 1299999999999999
249261253227194162137124128148175195200189161120 76 41 22 20 40 8013318521 627TA 1 6261115020099999999999999 7191231834 1999999999999999
225250257245217183152129119126149176194197186158118 77 46 30 32 55 9614721 628TA 152258124519899999999999999 8 61191924 2999999999999999
195230250252235204170140118112123147173190194183156119 83 56 44 49 7311421 629TA 235254134519599999999999999 8531122015 4399999999999999
161204234248244222190155126108105118143169186191181157125 94 71 61 68 9321 630TA 317249145019199999999999999 94110421 7 6199999999999999
131173209233241232208174141113 98 98113138163181188182162136110 90 82 8921 7 1TA 35924116 1188999999999999991030 9622 3 8299999999999999
112144180209227231218192159127102 89 9110713215817818918617315213011210421 7 2TA 4422311720189999999999999991122 88231010499999999999999
108125151180204218217203177146115 91 80 8310012615517919419718817115113221 7 3TA 5302191845197999999999999991216 80999999999999999999999
121121132152175196207205190164133103 80 71 76 9512415718620521220719016821 7 4TA 62220720 321299999999999999 0311201310 7099999999999999
147132126132148169188198195179152119 89 68 60 69 9212716519822022922320421 7 5TA 71719821 422999999999999999 1591261359 6099999999999999
179153134125129145166184193187168138104 74 55 52 66 9613717921423624223321 7 6TA 8 8193215324399999999999999 3111251442 5199999999999999
210180151130121127146168185190181156122 87 59 44 47 6910715219522924824921 7 7TA 852191223425099999999999999 4 51211520 4399999999999999
233206173144124119131152175189189173142105 70 45 37 49 7912317021224125321 7 8TA 930191231025399999999999999 4471191555 3799999999999999
247225194162135121122139163184193185162126 87 54 36 37 57 9514318922524721 7 9TA10 5193234425299999999999999 5241191629 3499999999999999
251238211179150128120130152176192194179148108 70 43 32 41 7011416320623621 710TA1037195999999999999999999999 55712017 3 3299999999999999
249245225195164139123123140165188198193170134 92 56 35 33 50 8613518322121 711TA 016250111119899999999999999 6301211739 3299999999999999
243249236210179150129120128150177196201189160119 78 47 33 37 6210515620221 712TA 048249114720199999999999999 7 31201816 3299999999999999
234249246226195163136120118133160186202201184151108 69 43 34 45 7712517721 713TA 121250122920499999999999999 7391171857 3499999999999999
219245252241214179147123111115136166192205201180144102 66 45 41 58 9514521 714TA 154252131620699999999999999 8161101941 4099999999999999
194231251251232200163130109101111137169195206201179144104 72 54 54 7411321 715TA 231253141120699999999999999 8571012030 5299999999999999
161206237250244220184146114 95 92106135169195207202182151115 87 71 73 9221 716TA 310250151520799999999999999 942 912126 7099999999999999
128172210235242231204167129 99 82 82 99130164192207207192166135109 94 9421 717TA 3542421629209999999999999991031 802231 9299999999999999
109139174206226229216189152115 86 70 72 9012215819021021620818716013511821 718TA 4422301755217999999999999991126 69235311399999999999999
113121142171197213215202175139102 74 58 60 7811215218921622922721118615921 719TA 5382161922230999999999999991226 57999999999999999999999
138127127141163186201203191165129 91 62 46 47 6710314919222524424623220721 720TA 639204203924799999999999999 1281251326 4499999999999999
177152134128137157179194196184157119 80 50 34 36 59 9914919723425626024621 721TA 740197214426199999999999999 2541281423 3399999999999999
218186156135127135156179193195180151110 69 39 25 30 5610115520524226426721 722TA 835196223926899999999999999 4 11271516 2499999999999999
250219185155133126137160184197196178145101 59 31 20 29 5910916521324826621 723TA 924198232726899999999999999 45512616 5 2099999999999999
265244211177149130127143169192203197176138 92 52 28 21 34 6912217722125121 724TA1010203999999999999999999999 5401261652 2199999999999999
264257231197165140126129151180201207198172130 84 48 28 26 44 8513819022921 725TA 010264105520799999999999999 6211251738 2599999999999999
253259245214180151130121132159188207210198167124 80 49 34 36 6010515820421 726TA 049259114321199999999999999 6591211822 3299999999999999
237253251229195162135118116134165194210211195162119 80 53 43 51 8012717721 727TA 124255123321399999999999999 73611519 6 4399999999999999
218243252240211175143118106112136169196211210192158118 84 63 57 7110415021 728TA 156252132621299999999999999 8131061949 5799999999999999
195228246245225192155124103 97109137170196209207188157122 94 77 76 9412821 729TA 227248142221099999999999999 851 962034 7499999999999999
170207232241232206171136107 91 91108137169193206203187160132109 97 9911721 730TA 3 0241152220799999999999999 931 882122 9699999999999999
148182211227229214186152119 95 83 8810713616618920320319017014712911912121 731TA 3352301630204999999999999991014 83221911899999999999999
136160185205214211194167136107 86 79 8610613316218720220720018516715013921 8 1TA 41521517522079999999999999911 2 79233813799999999999999
138146161178192198193177153125 99 81 75 8310213016018720721621420218616821 8 2TA 5 61981918216999999999999991157 75999999999999999999999
153145147155167178184181167144118 94 76 70 78 9812716019221622922921820021 8 3TA 612184203023099999999999999 1221451256 7099999999999999
177157143139144156169177176162140113 87 68 63 72 9512816620222924224222821 8 4TA 721178212624499999999999999 2541391353 6299999999999999
204176151135130137152169179177162136106 77 58 54 67 9513417721524125224721 8 5TA 821180221125399999999999999 3531301444 5499999999999999
228198167141126125137158177186181161130 95 65 48 48 6710214719222925125621 8 6TA 9 9186224925799999999999999 4341231529 4699999999999999
244218185153130120126146171190194183157119 81 52 40 47 7311516420824025621 8 7TA 949195232325799999999999999 5 71201610 4099999999999999
253233202168140122120135162188202200182147104 66 43 37 51 8513418422324821 8 8TA1025203235425599999999999999 5371191648 3699999999999999
255244216182151128118125150180203211202175133 89 55 37 39 6110415720423721 8 9TA1059211999999999999999999999 6 71181726 3699999999999999
253250229195161135119117134166196214216199165119 76 48 38 47 7812718022221 810TA 023254113521799999999999999 63611518 4 3899999999999999
247254241210173141120110117144179208222217194155108 70 48 44 60 9915220221 811TA 051254121622299999999999999 7 71101843 4399999999999999
237253249226189151122104101118152189216226217190148105 72 55 57 8012317521 812TA 12025413 322699999999999999 7401001926 5399999999999999
219245252239207166129102 89 94118157194219227217188149110 82 69 7510214521 813TA 150253135622799999999999999 816 882013 6999999999999999
192227245243222186144108 84 76 87117157194219227218192158125101 91 9812321 814TA 224247145822799999999999999 857 7621 6 9199999999999999
161199226236227202166126 92 71 67 8211315319021522622120217514712511612021 815TA 3 3236161122799999999999999 944 66221211599999999999999
139167195214219208184150113 82 64 61 7610514418121022622921819717315213921 816TA 3492191740230999999999999991040 60234213699999999999999
137146163183197200192171141108 79 60 56 68 9513217120522923923622019817521 817TA 4482011914240999999999999991146 56999999999999999999999
156145144153167181187182166140109 79 58 50 59 8312116320323425025223921521 818TA 6 7187203625399999999999999 13414313 0 5099999999999999
188162144136141155172182182169145112 79 55 44 50 7411316120624026026324921 819TA 729183214126499999999999999 3 613614 9 4499999999999999
221189159137127133152173187188176150113 76 50 38 44 7011416521124626526621 820TA 837189223326899999999999999 4 71271511 3899999999999999
247215180149128121134159183197197182151110 71 45 35 44 7412317622025026521 821TA 932199231526699999999999999 45112116 4 3599999999999999
259234198164137120121142173197208205185147102 65 43 37 51 8814019022925321 822TA1017209235026099999999999999 5281181651 3799999999999999
259244212176146124115127156189211218209181138 94 61 45 44 6611016220723721 823TA1058218999999999999999999999 5591151731 4299999999999999
252248223187153128113114136171203221223208173128 88 62 51 58 8813618522321 824TA 019253113922499999999999999 62811118 9 5099999999999999
244248232199162131111103115146183212226223202164121 86 66 62 7811516320621 825TA 043249122122799999999999999 6571031845 6199999999999999
235246239212174137110 95 97118155192217227220195157118 90 76 7810114218621 826TA 1 724613 622899999999999999 726 941922 7599999999999999
221240241223188149115 92 84 95124162197219226215188154122 99 91 9912716521 827TA 133243135422699999999999999 758 8420 2 9199999999999999
202227236227201164126 97 79 79 9713016819921822221018615713111411012214821 828TA 2 0236144522299999999999999 832 77204610999999999999999
180207223223206177141108 84 73 8010313617019821521820818816514513213014121 829TA 230225154421999999999999999 9 8 73213812999999999999999
162184201208202184155124 97 79 74 8410813917019521121721119617916215014621 830TA 3 3208165721799999999999999 950 73225314699999999999999
152164177187189182165141115 93 79 77 8710913716619121021921820919417816421 831TA 3451891823220999999999999991042 76999999999999999999999
155153157163169172168156137115 95 82 78 8610613216119021322722922220818821 9 1TA 5 0172194423099999999999999 0461521150 7899999999999999
168152144143148156164165157141120 99 82 74 80 9812615919322123824123321421 9 2TA 640166204824299999999999999 23714313 4 7499999999999999
189162142131130139154168173166149124 98 76 66 71 9112216220123224925023721 9 3TA 756173213725199999999999999 3331291410 6599999999999999
211179149128119124141164181187178155123 90 65 55 62 8712617221424325625221 9 4TA 853187221625799999999999999 4 811815 5 5599999999999999
231198162133115113128155182199201186155115 78 54 47 59 9213918922825225821 9 5TA 936202225025999999999999999 4381121552 4799999999999999
245215177143119108116143176203215210187146101 65 46 45 6510715920724025621 9 6TA1014216232025799999999999999 5 61081634 4399999999999999
252228191153125108107127163198221226213180133 88 57 44 50 8013018322524821 9 7TA1049227234725499999999999999 5331051712 4499999999999999
254238204163130108100110142183217233231210169120 80 56 50 6510315720623821 9 8TA1125235999999999999999999999 6 01001750 5099999999999999
251245217175136108 93 94117157200229240232203159113 79 62 63 8613018222321 9 9TA 01125112 624099999999999999 628 911829 6099999999999999
245247228191147110 87 79 90123169211236243230198154114 87 75 8111015520121 910TA 037249125224399999999999999 659 791912 7499999999999999
233244236207164121 88 70 69 88128175215238243229197158124101 9310313217321 911TA 1 5244134624499999999999999 734 6720 0 9399999999999999
210232234218184141100 71 57 62 8813017621423624222920217014112111412414921 912TA 138236144824299999999999999 816 57205611499999999999999
181208221217197163124 88 62 52 61 8712817120723123923221318716214313514021 913TA 21722216 223999999999999999 9 4 5222 813599999999999999
156177195203197179150116 85 63 54 62 8512116119722323723822620618316315021 914TA 3 520317332399999999999999910 3 54235114799999999999999
147153164176182180168146119 92 70 60 63 8011014718421623724624122520217721 915TA 41518319 7246999999999999991118 59999999999999999999999
157144141147157167172167153131105 81 65 61 73 9813417521224025425323721121 916TA 6 2172202625599999999999999 1491411245 6199999999999999
181153134126131146163174176167146117 88 67 58 64 8812717221324326025924021 917TA 741177212726199999999999999 3 712614 6 5899999999999999
208173142120113123146170186191182158124 89 65 53 59 8512917721824826125521 918TA 854191221326299999999999999 3551131512 5399999999999999
230193156126107107127158185203206193162122 86 61 51 61 9314118922625025721 919TA 946207224925799999999999999 43210416 4 5199999999999999
241208169136111100110141177204218217196158115 81 60 55 7211216220523524921 920TA1027220231725099999999999999 5 31001646 5499999999999999
244218179143115 98 99122161197220229220190147106 77 63 66 9313818522024021 921TA11 2229233924499999999999999 529 961722 6199999999999999
243224188149117 97 90104139181214232233215178135100 78 71 8411916620723221 922TA1136235235824099999999999999 553 901754 7199999999999999
240229198157120 95 83 88115157198225237231205166127 98 83 8410714819122221 923TA1211238999999999999999999999 616 821826 8199999999999999
237232209170128 96 78 75 92128172209232238225195157124102 9310313217220821 924TA 017237125023899999999999999 641 7419 1 9399999999999999
229232217183142104 77 66 7310114218521723423521718615312610910712315418821 925TA 041233133123799999999999999 7 9 66193810699999999999999
215226219194157117 84 65 62 7911315519422123322921018215513212012314116821 926TA 1 8226141523499999999999999 739 61202111999999999999999
195211213198169133 98 72 60 66 8912516519922123022420718316014213313715321 927TA 13721415 523099999999999999 813 60211113399999999999999
173190198193175148116 88 69 63 7410013416919921822622220818916915314514621 928TA 2 819816 722699999999999999 850 63222114499999999999999
156168177179173157134109 87 73 71 8310613716819521422422321319717916315121 929TA 247180172622599999999999999 939 71999999999999999999999
147149155160163160150133113 94 82 79 8710613216118921222622922220718816721 930TA 4 1163184723099999999999999 0 71471049 7899999999999999
149138136139146154158155143125106 89 81 83 981231531852142322382322141892110 1TA 6 5158195723899999999999999 1541361217 8099999999999999
162138124120127141158169170159139114 91 75 74 871131491882212412472372132110 2TA 734171205124799999999999999 2511201337 7399999999999999
181148122108109124149173188189176149115 85 66 63 781101531972312502512332110 3TA 835191213425399999999999999 3281071440 6299999999999999
201162128105 96106134168196210207187150109 75 57 56 761171672112412542462110 4TA 92221122 925499999999999999 359 961532 5499999999999999
218177137107 90 91115153192219228219188143 99 67 53 58 861341862252472502110 5TA10 2228223825199999999999999 427 881617 5299999999999999
230192147111 88 81 95131177215237240221181133 91 65 57 691071592062362462110 6TA104024123 324699999999999999 454 811658 5799999999999999
237204159116 87 73 77104151199233248244217172125 90 71 68 891331832212392110 7TA1118249232624199999999999999 520 721737 6799999999999999
238215173125 87 66 61 77116169215244254243210165124 95 82 861131582022292110 8TA12 0254235223699999999999999 547 611819 8199999999999999
236223189142 96 65 50 54 80128181224249255240206165129106 961061361772112110 9TA1248255999999999999999999999 620 4919 4 9699999999999999
228225203163115 74 48 40 51 85135187226249253237206171140120113124151185211010TA 023229134225499999999999999 658 40195611399999999999999
210218209182142 98 62 41 37 53 89138186224246250237211181154134128136158211011TA 1 0218144525199999999999999 743 36205712799999999999999
182199203191165129 91 60 42 41 58 92137181216239247239219193168148138141211012TA 144203155924799999999999999 835 39221713899999999999999
154170182184174154126 95 69 53 51 64 93131171206231244242228205180158142211013TA 242184172324599999999999999 938 50999999999999999999999
137142152162167165153133109 85 68 62 69 90121158195224242246236215187160211014TA 412167184624699999999999999 0 013711 0 6299999999999999
138126124133146158164162149129105 84 71 71 84111148187220242249240218186211015TA 613165195824999999999999999 1371241233 6999999999999999
154127110107119139160174178170150122 95 76 69 78104143185220243250239211211016TA 751178205525099999999999999 2411061358 6999999999999999
175139110 94 95115144172191198189164131 99 76 67 76105147190223243246228211017TA 858198213924799999999999999 326 9215 4 6799999999999999
194154118 92 81 93123160191211216201169131 97 75 67 81116160200228241235211018TA 947216221224299999999999999 4 1 811555 6799999999999999
207167127 96 77 77101141181211227226203164125 94 75 73 95136179212232234211019TA1026229223723599999999999999 430 741635 7199999999999999
214177135100 77 68 83119164203228238226195154117 92 79 87118160198222230211020TA11 0238225623099999999999999 455 681710 7999999999999999
218186143104 77 63 68 96141186220239239219182143112 93 89107143183212225211021TA1132242231422699999999999999 517 621742 8899999999999999
220195154111 78 59 57 76116163205232243234206169135110 98104130167200219211022TA12 4243233522299999999999999 538 561813 9799999999999999
220202167123 84 59 49 59 91136183218238241224193159131111107121150184208211023TA1238242235921799999999999999 6 2 49184710699999999999999
217207179138 96 64 47 48 69109156198227240235214183153129115117136165192211024TA1314241999999999999999999999 628 45192411499999999999999
207206188154113 76 52 43 53 84127172209232238228205177150130121128147172211025TA 027209135323899999999999999 658 4320 612199999999999999
191198190166131 94 64 47 46 65100143184215233235222200174150133128135152211026TA 059198143823699999999999999 732 44205512899999999999999
170183184171147115 84 60 50 55 78113153190216230231219198174153137132137211027TA 135185153123299999999999999 811 4922 013299999999999999
149162170168157136110 84 65 59 66 88120156189214227229219200177156139131211028TA 222170163823099999999999999 859 59232413099999999999999
132139149156157150135115 93 77 70 74 92120152184209225230222204181157136211029TA 34015817512309999999999999910 7 69999999999999999999999
124120126136147155155146129109 90 78 77 89113144177207227234227208181152211030TA 53215619 023499999999999999 0501201135 7699999999999999
126110105112129148164171165149125100 81 74 81103136174208231238230206172211031TA 7 3171195723899999999999999 15210513 0 7499999999999999
137109 92 90105131160183193188168137104 79 68 74 971351782152362402261942111 1TA 810193204424199999999999999 237 891411 6899999999999999
153115 88 75 81106144181206216207180141102 75 64 71 991441892232392362122111 2TA 9 3216212124099999999999999 313 7415 9 6499999999999999
170125 89 66 62 79118165205229235219184139100 74 65 771121602022282362222111 3TA 948235215223699999999999999 345 611559 6599999999999999
186138 93 63 49 55 87137188226246246223180135 99 78 74 921321792132292252111 4TA1031249221923099999999999999 414 481644 7399999999999999
199154103 63 41 37 56100157207241256249219175133103 87 881131541952192242111 5TA1113256224422499999999999999 443 361728 8599999999999999
208171120 72 40 26 32 62115173220250259247214173136111 981051331722032182111 6TA1158260231421899999999999999 514 251813 9899999999999999
212187143 92 49 24 17 32 711271842272522592432111741421191101201471802042111 7TA1248259235121099999999999999 551 1719 211099999999999999
210198167121 74 37 17 16 37 801351882282512562402111771481271191291531802111 8TA1342256999999999999999999999 634 14195711999999999999999
197198182151108 66 35 18 21 45 871391882262482522382121821531321241321512111 9TA 035199144325299999999999999 723 1721 112499999999999999
171184184169141105 69 41 28 32 54 93140185220242248237214185156135124127211110TA 129186155024899999999999999 818 27221612499999999999999
141157169170160139111 81 57 44 46 64 97138179213235243235214186157133119211111TA 23917117 024399999999999999 923 43233811699999999999999
117126141154161158146125100 77 63 61 73 98133171205228238233213185153126211112TA 41616118 8238999999999999991041 60999999999999999999999
108102109125144158164159144123100 82 73 78 97128164198223234229209178144211113TA 6 5164191223499999999999999 05510212 9 7399999999999999
114 93 86 95115141163177178167145118 95 82 81 96125162196220230223200165211114TA 73717920 723099999999999999 157 861334 7999999999999999
128 96 76 71 86115148177195199187161130103 85 82 96127165197219225213183211115TA 846199205222599999999999999 245 711443 8199999999999999
144106 76 60 62 87125164195214216199168133104 86 84102136173202218217196211116TA 937218212721999999999999999 322 581537 8299999999999999
159117 81 56 48 63 98143184215230226201166130103 87 91115151185207214202211117TA1018231215421499999999999999 354 481621 8699999999999999
171128 88 58 42 46 73118166205231239226195158125101 91103133168195208204211118TA1053239221720999999999999999 420 411658 9199999999999999
180140 97 62 40 35 53 92142187222240239217183148119101100120152183201204211119TA1126242223920599999999999999 444 351732 9899999999999999
187153110 69 42 30 38 69115165205232242231204170139115104113138168192201211120TA115824223 320199999999999999 5 7 3018 510499999999999999
192165125 82 48 29 29 50 90139185219237237219190158131113111126152178194211121TA1229239233019699999999999999 532 27183910999999999999999
194176141 99 61 35 25 36 67112160200227237229206177148125113117136162182211122TA13 2237999999999999999999999 6 0 25191511399999999999999
190182157119 79 46 28 28 48 85133178212232234220196167140121114123143165211123TA 0 1190133823599999999999999 631 25195511499999999999999
180182168139102 65 39 28 35 62103150191220234231213187158134118115126145211124TA 037183141823499999999999999 7 7 28204211499999999999999
163174171154125 91 59 38 33 46 76118162200224233227208181152129115114124211125TA 11917515 523399999999999999 748 33213711399999999999999
141157165162145119 89 62 45 43 58 88127169203224231224204176148125111109211126TA 212166155823199999999999999 837 42224110899999999999999
118134149158157144122 96 72 56 54 67 94131169201222229221201173143119103211127TA 323159165922999999999999999 939 532347 9999999999999999
 99108124142155159152135111 88 71 65 74 96129165197219227219198168135108211128TA 45415918 1227999999999999991055 65999999999999999999999
 90 86 95115139159170169155132106 84 73 76 94124160194217224216192157120211129TA 624171185822499999999999999 049 851218 7299999999999999
 90 72 69 83111143172188191178152121 94 78 76 91121159194216221209179139211130TA 740192194922299999999999999 140 681337 7599999999999999
 98 68 52 54 76114156190210214199168131100 81 77 921241641972152151961592112 1TA 842215203121799999999999999 224 501445 7799999999999999
113 71 43 33 43 76125173210231233213177137105 85 81 981331722012122051772112 2TA 93523421 721299999999999999 3 2 331543 8099999999999999
131 82 43 21 19 40 84140192228246244218179140109 91 901101471822032061902112 3TA1023248214020799999999999999 338 171634 8899999999999999
152102 53 20  5 12 43 97156207240255247218178141114 981011251601902031972112 4TA1110255221220399999999999999 413  51722 9799999999999999
171127 75 30  3 -4 12 521101692162462562442131761421181061121381701921982112 5TA1158256224919999999999999999 451 -4181110599999999999999
186154106 56 17 -4 -5 17 621221782222482542392091731431201111201451731902112 6TA1248254233319399999999999999 533 -719 111199999999999999
191174139 93 46 12 -4  0 26 731311842232462502342041701401191121231461712112 7TA1340251999999999999999999999 620 -5195511299999999999999
185183165131 87 46 16  3  9 37 841381872242442452281981651351151091191412112 8TA 024186143424799999999999999 711  3205210999999999999999
163176175158128 89 52 26 16 24 51 941441892222392392211911581281081021122112 9TA 124177152824199999999999999 8 6 16215210299999999999999
132153166167155130 97 66 43 34 41 66105149189218233230212182149119 99 93211210TA 236168162123499999999999999 9 6 342254 9399999999999999
102121141157163156138112 85 65 55 60 80113151186212224220201172139109 89211211TA 3591631716225999999999999991012 552358 8299999999999999
 82 89108131150162162151131108 88 76 77 91117150181204215210190160127 97211212TA 5321641811215999999999999991128 75999999999999999999999
 76 68 76 97124149167174169153131109 94 89 97118147176197205199179147112211213TA 7 417419 520599999999999999 059 681253 8999999999999999
 81 61 55 65 91124156179191189174149124105 95100118145173191198189164130211214TA 821192195519899999999999999 152 551413 9599999999999999
 93 63 45 43 60 93132169196210207188160132109 97100119147173188190176147211215TA 920211203819199999999999999 237 421518 9699999999999999
108 72 44 31 37 62103148187214225217194162131107 96103125153175186182160211216TA10 5225211418799999999999999 314 3016 8 9699999999999999
124 84 49 27 22 38 74121167205228233218190156125103 97109134161179183170211217TA1044234214418499999999999999 345 221650 9799999999999999
140 99 60 30 16 22 49 93142187219235232210179145117101102120147170181176211218TA1119236221318299999999999999 414 161726 9999999999999999
154117 75 39 17 13 30 67115164203228235223196164133110102111133159176180211219TA1151235224218099999999999999 442 1218 010299999999999999
165134 94 53 24 11 17 45 88138182215231228209180149122106105121145168179211220TA1222232231317999999999999999 511 10183210399999999999999
174151115 73 37 15 11 27 63111159198222229219194164135113103110130155173211221TA1253229234617899999999999999 542 1019 610399999999999999
177165136 96 56 25 11 16 41 84133178211227226208180149122105102114137161211222TA1325229999999999999999999999 615 10194310199999999999999
174172154121 81 44 19 12 25 57104153194221230221198166136111 99101117142211223TA 02417514 023099999999999999 652 122023 9799999999999999
163172166145111 72 39 19 19 37 74122170207227229215187153123101 92 98118211224TA 1 8173143823199999999999999 733 1721 7 9299999999999999
142162169161139105 69 41 26 29 51 90137181213228225206175141111 91 85 94211225TA 159169152122999999999999999 820 252155 8599999999999999
115140159166159139108 76 51 39 44 66103147186213224218196164129 99 80 76211226TA 3 116616 822499999999999999 913 392248 7599999999999999
 86109135156166162146120 92 68 57 60 79111149184208216208185151116 86 67211227TA 41616617 0216999999999999991018 562345 6399999999999999
 64 75100129155170173162140114 90 76 75 88114147178199206197173138101 70211228TA 5421731755206999999999999991135 74999999999999999999999
 51 48 62 90125158180189183165138112 93 86 92113142172191197186160123 83211229TA 7 7189185119799999999999999 041 4713 2 8699999999999999
 51 33 31 49 83126166194208206188159129106 93 94111139168186189176146105211230TA 822210194319099999999999999 135 301425 9299999999999999
 61 29 14 17 40 82132177210227225206174142116 99 98113140166181180162128211231TA 925229202818299999999999999 222 131536 9699999999999999
